name: nano2paired
channels:
  - conda-forge
  - defaults
dependencies:
  - _libgcc_mutex=0.1=conda_forge
  - _openmp_mutex=4.5=2_gnu
  - awkward=2.5.0=pyhd8ed1ab_0
  - awkward-cpp=26=py310hd41b1e2_0
  - bzip2=1.0.8=h4bc722e_7
  - c-ares=1.23.0=hd590300_0
  - ca-certificates=2024.7.2=h06a4308_0
  - cffi=1.16.0=py310h2fee648_0
  - colorama=0.4.6=pyhd8ed1ab_0
  - icu=73.2=h59595ed_0
  - importlib-metadata=6.8.0=pyha770c72_0
  - importlib_metadata=6.8.0=hd8ed1ab_0
  - keyutils=1.6.1=h166bdaf_0
  - krb5=1.21.2=h659d440_0
  - ld_impl_linux-64=2.38=h1181459_1
  - libblas=3.9.0=20_linux64_openblas
  - libcblas=3.9.0=20_linux64_openblas
  - libcurl=8.4.0=hca28451_0
  - libedit=3.1.20191231=he28a2e2_2
  - libev=4.33=hd590300_2
  - libffi=3.4.4=h6a678d5_1
  - libgcc-ng=13.2.0=h77fa898_13
  - libgfortran-ng=13.2.0=h69a702a_13
  - libgfortran5=13.2.0=h3d2ce59_13
  - libgomp=13.2.0=h77fa898_13
  - libiconv=1.17=hd590300_2
  - liblapack=3.9.0=20_linux64_openblas
  - libnghttp2=1.58.0=h47da74e_1
  - libnsl=2.0.1=hd590300_0
  - libopenblas=0.3.25=pthreads_h413a1c8_0
  - libsqlite=3.44.2=h2797004_0
  - libssh2=1.11.0=h0841786_0
  - libstdcxx-ng=13.2.0=hc0a3c3a_13
  - libuuid=2.38.1=h0b41bf4_0
  - libxcrypt=4.4.36=hd590300_1
  - libxml2=2.11.6=h232c23b_0
  - libzlib=1.2.13=h4ab18f5_6
  - llvm-openmp=14.0.6=he0ac6c6_0
  - lz4=4.3.2=py310h350c4a5_1
  - lz4-c=1.9.4=hcb278e6_0
  - ncurses=6.4.20240210=h59595ed_0
  - numpy=1.26.2=py310hb13e2d6_0
  - openssl=3.2.1=h4ab18f5_2
  - packaging=23.2=pyhd8ed1ab_0
  - pip=23.3.1=pyhd8ed1ab_0
  - pycparser=2.21=pyhd8ed1ab_0
  - pycurl=7.45.2=py310hdbd6064_1
  - python=3.10.13=hd12c33a_1_cpython
  - python-xxhash=3.4.1=py310h2372a71_0
  - python_abi=3.10=4_cp310
  - readline=8.2=h8228510_1
  - scitokens-cpp=1.0.2=haea88ab_0
  - setuptools=68.0.0=pyhd8ed1ab_0
  - sqlite=3.41.2=h5eee18b_0
  - tk=8.6.13=noxft_h4845f30_101
  - tqdm=4.66.2=pyhd8ed1ab_0
  - typing-extensions=4.8.0=hd8ed1ab_0
  - typing_extensions=4.8.0=pyha770c72_0
  - tzdata=2023c=h71feb2d_0
  - uproot=5.1.2=ha770c72_0
  - uproot-base=5.1.2=pyhd8ed1ab_0
  - vector=1.1.1.post1=pyhd8ed1ab_0
  - wheel=0.41.2=pyhd8ed1ab_0
  - xrootd=5.6.2=py310h3779284_1
  - xxhash=0.8.2=hd590300_0
  - xz=5.4.2=h5eee18b_0
  - zipp=3.17.0=pyhd8ed1ab_0
  - zlib=1.2.13=h4ab18f5_6
  - zstandard=0.19.0=py310h5764c6d_0
  - zstd=1.5.5=hfc55251_0
  - pip:
      - aiosqlite==0.20.0
      - certifi==2024.7.4
      - click==8.1.7
      - commonmark==0.9.1
      - databases==0.6.2
      - dbs==0.1.5
      - dbs3-client==4.0.12
      - dbs3-pycurl==3.17.9
      - greenlet==3.0.3
      - pydantic==1.10.17
      - pygments==2.18.0
      - rich==12.6.0
      - sqlalchemy==1.4.41
      - typer==0.6.1
prefix: /home/trussel1/miniconda3/envs/nano2paired
